20578
17261
24176
7940
21255
4084
14196
6763
8538
5941
2247
5159
4231
4478
15653
6585
4065
9380
2302
1474
8091
4367
2939
7757
9144
9136
20035
18679
14754
2431
18399
2311
17258
8521
4352
12458
21820
8660
11888
19804
1469
19853
6409
9565
8878
25083
16362
3693
10121
623
12569
15416
12743
5021
15362
9152
14275
148
19398
7926
7649
5240
18211
7029
16185
2580
7452
7501
19054
6621
10744
3148
13229
22240
683
10546
129
3741
19978
14126
11701
6539
11270
8175
2437
13565
10226
7729
10068
7439
8609
18049
24367
18340
6688
9538
18578
8037
18249
14906
16855
12078
18293
10786
8236
17262
7323
21994
14932
24439
3147
11108
9217
11117
16140
19420
15205
2648
227
12853
12512
1025
3539
16661
14369
3409
6495
22456
6334
4510
168
12427
16196
18854
12456
17043
8581
16377
5179
5413
3269
12813
16162
24172
687
5648
9797
24638
4068
22601
3026
16082
1181
19780
14140
9178
6899
10923
16536
13312
3388
14019
20158
11520
14589
10803
4792
11696
20404
23505
6012
12741
20117
16032
3469
726
4258
2309
13635
6851
7202
3123
11431
8514
12427
8967
21734
16552
14118
7650
22408
18631
4795
12677
18866
5363
12109
2035
14960
23215
1023
13459
22280
6495
5538
22455
6844
11182
1204
10587
14779
3679
24179
17704
7943
15532
849
22712
18779
9400
10548
21958
18294
9937
9266
16186
7192
721
13554
14691
4883
21212
684
15420
24169
2988
15324
6908
10543
4744
2611
841
16246
7011
5356
11340
13635
4516
7256
18867
15284
10905
19740
11902
18154
17647
2152
14918
20047
12537
5445
2615
14919
24640
4376
2244
756
7076
10641
4604
19669
6238
1804
20831
5323
19202
4957
24507
14883
9589
22175
22444
17956
2561
1799
17577
7939
4344
6508
6727
12306
5876
15253
9586
16496
16990
24454
14138
20042
4230
7928
20404
5641
5647
25080
9287
19363
13636
1767
19598
16084
10563
20030
3555
1013
10925
6589
1321
18987
8866
18635
1679
14899
15777
16257
2307
4745
18777
2941
8375
8489
6505
24728
14665
17469
20480
148
12458
6368
10789
7055
22020
4740
17931
5017
19587
7012
23370
6408
18307
16536
15918
18173
10393
848
18754
18999
9641
19670
18958
21994
22660
10825
9904
3960
4362
12356
24891
106
6689
22878
13323
6756
5940
19783
10826
16080
8964
4918
10641
7617
9136
18019
18400
8091
19391
156
22454
8537
14124
16362
5619
14750
18678
3139
22401
17808
22670
12734
14804
21996
22218
19602
2247
6900
19299
5006
15018
614
19239
849
17393
20169
4368
9272
6211
16196
17646
23712
14860
15524
20710
2646
13475
17467
23713
19493
15269
684
9261
15705
3703
19150
10063
2586
10862
19578
9600
4062
17206
6999
17269
8532
24723
2634
7049
21005
12336
7777
4106
3274
6552
5901
4231
10503
19953
624
16187
2437
760
18770
20195
6133
1186
11521
18305
4352
17935
24304
10225
5621
16988
16237
3319
18374
11268
15283
5413
3392
322
6332
14125
5896
11451
9539
14196
15277
12112
11900
3776
20120
12284
66
2034
14547
4058
9052
19172
12809
24454
6010
16247
18619
19949
16365
4111
23581
1013
10545
12677
10385
4934
20117
14027
19692
24132
6324
24579
21012
6925
19374
5646
9838
6404
23181
4072
6998
3144
18887
18298
14856
12114
7170
8973
8390
19204
14010
9343
8581
15597
10576
18314
18732
4367
9246
14665
15710
5281
12832
9272
8535
15699
5314
18790
1333
7255
4422
16378
8228
3316
7030
22582
942
1378
5646
11900
16781
24638
16893
18119
4747
5004
6931
19669
7452
2851
7797
12114
2694
17993
19141
15532
6629
9248
7142
19436
21404
13393
6312
22845
4103
10387
7617
1098
17398
1840
12493
12124
10613
15293
18529
5129
16196
7605
11889
13565
17044
2435
20479
1843
7737
5939
15656
25039
10900
19044
18249
9274
17126
3603
9937
6447
21769
17798
14242
13635
12264
14848
20064
1715
9342
6286
1015
15437
67
21255
7985
2985
8062
22408
6853
16824
16552
7453
14756
10368
14598
8037
1111
2958
15254
14863
13671
10560
7254
229
205
7034
9251
3779
6117
6587
18306
10925
8568
20874
7924
231
24406
3351
973
17796
21256
12509
11430
16324
2286
5447
8324
2310
23654
8852
20116
7495
2363
8375
2381
2994
10901
2277
11311
1638
11357
15967
11521
22409
8539
7481
18634
20476
18307
12660
12110
684
17267
17403
649
20753
10507
6013
4916
10385
18419
17178
16829
19299
6539
13479
2981
5413
9344
14022
13360
4934
5242
14543
5761
13307
20120
1805
2405
20189
20061
12277
14932
1008
8966
781
16300
19573
3208
4096
16031
9244
19437
8392
21061
12394
12812
16783
12660
15292
17098
12854
14691
4468
18374
15362
3115
10390
4606
8590
24961
3566
19086
12537
9586
22955
20058
18342
8489
22068
7308
6439
1840
20166
5598
16537
151
4090
10609
10926
6065
6324
17096
14690
7449
15107
19306
19204
10544
18251
4052
14848
21026
9287
17263
22360
6853
4095
17688
12980
4745
14244
3475
10585
2937
14547
11568
2936
4726
8133
18646
13122
12732
3205
757
10785
13103
7155
10543
6899
782
5070
5534
12570
10783
15839
7069
16659
11520
4206
2363
3389
15705
8524
159
19824
10803
24132
15170
622
10695
18763
3846
3139
15699
9726
8324
23175
10226
10073
8134
8788
615
8169
8225
16994
1023
18211
2243
20753
19433
7194
6055
16629
15043
1451
2942
20513
9811
2242
20161
13299
14130
24369
14655
17956
10925
9264
9140
12080
16897
10869
9248
19742
23370
15229
5236
5157
3143
13324
7018
7932
329
4094
1007
4063
4994
5672
9561
2514
17417
6059
16027
7066
16335
4068
14919
13031
