22280
19669
6587
9251
14027
3679
4792
2381
6211
6844
16237
9586
14196
7439
1638
16031
8324
4918
12832
22601
8091
2242
13671
18419
11701
19436
4103
2939
6065
7649
22845
13103
2936
6332
18049
5646
1008
1805
9144
9538
10546
8489
3539
151
7757
20578
18306
8788
7928
973
12734
14932
6013
21958
20047
14856
16362
15420
10543
1804
17993
15107
14547
10783
8228
3208
16082
18678
10641
22408
16659
7255
19578
18049
7192
13324
20476
3389
12284
683
14598
19740
19573
12832
19202
5538
3388
9274
6689
23505
18987
2981
6508
1321
1008
9400
19150
23712
9344
18342
