0026
0178
0071
0151
0127
0020
0119
0080
0069
0179
0042
0180
0100
0134
0007
0172
0083
0023
0010
0008
0030
0167
0008
0010
0173
0126
0163
0027
0162
0002
0026
0080
0061
0067
0125
0110
0165
0073
0102
0060
0182
0119
0073
0148
0020
0021
0176
0006
0172
0132
0112
0166
0173
0008
0005
0121
0156
0111
0022
0145
0023
0076
0021
0065
0121
0180
0151
0067
0045
0035
0123
0152
0091
0019
0033
0153
0012
0071
0111
0174
0158
0144
0002
0149
0120
0014
0069
0180
0058
0053
0010
0109
0044
0052
0003
0151
0150
0042
0103
0025
